# 0001122223333333
# 0011222223333333
# 0011142433536663
# 0017144444536863
# 0007994444555866
# 0AA7799445555886
# 00A799BBB5555866
# AAA779CCBBBBB86D
# AAA7999CBBB8888D
# AAA7E9ECCCB8FFFD
# AAA7E9ECCFFFFDDD
# GGG7EEECCCFFFFDD
# GHGHEEECCIFFIFDD
# GHHHHHECCIIIIDDD
# GHHHHHECCIIIIIID
# GGGGGGEEEIIIIIID

# Number of rows
16

# Number of columns
16

# Number of blocks
19

# 0
15
0 0
0 1
0 2
1 0
1 1
2 0
2 1
3 0
3 1
4 0
4 1
4 2
5 0
6 0
6 1

# 1
9
0 1
0 2
1 0
1 1
2 0
2 1
2 2
3 0
3 2

# 2
10
0 1
0 2
0 3
0 4
1 0
1 1
1 2
1 3
1 4
2 2

# 3
20
0 1
0 2
0 3
0 4
0 5
0 6
0 7
1 1
1 2
1 3
1 4
1 5
1 6
1 7
2 0
2 1
2 3
2 7
3 3
3 7

# 4
13
0 0
0 2
1 0
1 1
1 2
1 3
1 4
2 1
2 2
2 3
2 4
3 2
3 3

# 5
13
0 1
1 1
2 1
2 2
2 3
3 0
3 1
3 2
3 3
4 0
4 1
4 2
4 3

# 6
11
0 0
0 1
0 2
1 0
1 2
2 2
2 3
3 3
4 2
4 3
5 2

# 7
11
0 0
1 0
2 0
2 1
3 0
4 0
4 1
5 0
6 0
7 0
8 0

# 8
11
0 2
1 2
2 2
2 3
3 2
4 2
5 0
5 1
5 2
5 3
6 0

# 9
12
0 0
0 1
1 1
1 2
2 0
2 1
3 1
4 0
4 1
4 2
5 1
6 1

# A
15
0 1
0 2
1 2
2 0
2 1
2 2
3 0
3 1
3 2
4 0
4 1
4 2
5 0
5 1
5 2

# B
12
0 0
0 1
0 2
1 2
1 3
1 4
1 5
1 6
2 2
2 3
2 4
3 4

# C
17
0 0
0 1
1 1
2 1
2 2
2 3
3 1
3 2
4 1
4 2
4 3
5 1
5 2
6 1
6 2
7 1
7 2

# D
15
0 2
1 2
2 2
3 0
3 1
3 2
4 1
4 2
5 1
5 2
6 0
6 1
6 2
7 2
8 2

# E
15
0 0
0 2
1 0
1 2
2 0
2 1
2 2
3 0
3 1
3 2
4 2
5 2
6 2
6 3
6 4

# F
14
0 3
0 4
0 5
1 0
1 1
1 2
1 3
2 1
2 2
2 3
2 4
3 1
3 2
3 4

# G
13
0 0
0 1
0 2
1 0
1 2
2 0
3 0
4 0
4 1
4 2
4 3
4 4
4 5

# H
12
0 0
0 2
1 0
1 1
1 2
1 3
1 4
2 0
2 1
2 2
2 3
2 4

# I
18
0 0
0 3
1 0
1 1
1 2
1 3
2 0
2 1
2 2
2 3
2 4
2 5
3 0
3 1
3 2
3 3
3 4
3 5

